899123263182106674
524909754150158337
610602088749072407
943819516889149460
1115457798726225920
1086486160508985344
403157926585303041
942022845280690206
734962407436451881
1235639553004539925
646646360539398144
899123263182106674
813961049085837322
420109434979876865
1155871342336421990
1012185295279624212
1246492706218442866
1118317759017787493
567696667055489035
1055434360771334154
1201068467319750689
940275774789918771
731843716347592834
389253850349043732
1104695710223437834
753211747388883005
1243119547100172390
1125750392932798514
473652550894223361
672126627567894559
1119202623791312967
965058988918059068
1287688704370151437
1288152556421517426
1083921672136052746
1163992514521473085
